%YAML:1.0
CameraExtrinsicMat: !!opencv-matrix
   rows: 4
   cols: 4
   dt: d
   data: [ 8.6002299999999998e-01, -3.9298899999999998e-01,
       3.2545299999999999e-01, 2.4602499999999998e+00,
       -3.7536399999999998e-01, -9.1931399999999996e-01,
       -1.1816900000000000e-01, -3.7027500000000002e-01,
       3.4563199999999999e-01, -2.0535500000000002e-02,
       -9.3814500000000001e-01, 9.4972800000000002e-01, 0., 0., 0., 1. ]
CameraMat: !!opencv-matrix
   rows: 3
   cols: 3
   dt: d
   data: [ 1.3729100000000001e+03, 0., 6.8970799999999997e+02, 0.,
       1.3812600000000000e+03, 5.4602599999999995e+02, 0., 0., 1. ]
DistCoeff: !!opencv-matrix
   rows: 1
   cols: 5
   dt: d
   data: [ -1.2928999999999999e-01, 3.6038100000000001e-01,
       -3.9222500000000004e-03, 3.7556299999999998e-04,
       -1.2209700000000001e+00 ]
ImageSize: [ 1368, 1096 ]
ReprojectionError: 1.3649537072522266e+00
ChessboardViewNUM: 0
CalibrationError_Rotation: 2.4317060747602497e+00
CalibrationError_Translation: 1.0972917522169364e-02
